99999999999999999999999999999999999999999999999999999999999999999999999999999999
99999999999999999999999999999999999999999999999999999999999999999999999999999999
99999999999999999999999999999999999999999999999999999999999999999999999999999999
99999999999999999999999999999999999999999999999999999999999999999999999999999999
99999999999999999999999999999999999999999999999999999999999999999999999999999999
99999999999999999999999999999999999999999999999999999999999999999999999999999999
99999999999999999999999999999999999999999999999999999999999999999999999999999999
99999999999999999999999999999999999999999999999999999999999999999999999999999999
99999999999999999999999999999999999999999999999999999999999999999999999999999999
99999999999999999999999999999999999999999999999999999999999999999999999999999999
99999999999999999999999999999999999999999999999999999999999999999999999999999999
99999999999999999999999999999999999999999999999999999999999999999999999999999999
99999999999999999999999999999999999999999999999999999999999999999999999999999999
99999999999999999999999999999999999999999999999999999999999999999999999999999999
99999999999999999999999999999999999999999999999999999999999999999999999999999999
000000000000007000000000000000000000000000000000000000000000000007
000000000000007000000000000000000000000000000000000000000000000007
000000000000007000000000000000000000000000000000000000000000000007
000000000000007000000000000000000000000000000000000000000000000007
000000000000007000000000000000000000000000000000000000000000000007
000000000000007000000000000000000000000000000000000000000000000007
000000000000007000000000000000000000000000000000000000000000000007
000000000000007000000000000000000000000000000000000000000000000007
000000000000007000000000000000000000000000000000000000000000000007
000000000000007000000000000000000000000000000000000000000000000007
000000000000007000000000000000000000000000000000000000000000000007
000000000000007000000000000000000000000000000000000000000000000007
000000000000007000000000000000000000000000000000000000000000000007
000000000000007000000000000000000000000b00000000000000000000000007
00000000000000700000000000000000000000000000000000b000000000000007
000000000000007000000000000000000000000000000000000000000000000007
000000000000007000000000000000000000000000000000000000000000000007
000000000000007000000000000000b00000000000000000000000000000000007
000000000000007000000000000000000000000000000000000000000000000007
000000000000007000x00000000000000000000000000000000000@00000000007
000000000000007000000000000000000000000000000000000000000000000007
000000000000007000g00000000000000000x00000000000000000h0000000x007
000000000000007x00ge000000000x000000000000000000x00000000000000007
000000000000007000gge000000000000000gg000000000000000000000000g007
000000000000007ge0gggg000000wge0000wgge0000000wgge00000000000wge07
33333333333333333333333333333333333333333333333333333333333333333333333333333333
33333333333333333333333333333333333333333333333333333333333333333333333333333333
33333333333333333333333333333333333333333333333333333333333333333333333333333333
33333333333333333333333333333333333333333333333333333333333333333333333333333333
33333333333333333333333333333333333333333333333333333333333333333333333333333333
33333333333333333333333333333333333333333333333333333333333333333333333333333333
33333333333333333333333333333333333333333333333333333333333333333333333333333333
33333333333333333333333333333333333333333333333333333333333333333333333333333333
33333333333333333333333333333333333333333333333333333333333333333333333333333333
33333333333333333333333333333333333333333333333333333333333333333333333333333333
33333333333333333333333333333333333333333333333333333333333333333333333333333333
33333333333333333333333333333333333333333333333333333333333333333333333333333333
33333333333333333333333333333333333333333333333333333333333333333333333333333333
33333333333333333333333333333333333333333333333333333333333333333333333333333333
33333333333333333333333333333333333333333333333333333333333333333333333333333333