99999999999999999999999999999999999999999999999999999999999999999999999999999999
99999999999999999999999999999999999999999999999999999999999999999999999999999999
99999999999999999999999999999999999999999999999999999999999999999999999999999999
99999999999999999999999999999999999999999999999999999999999999999999999999999999
99999999999999999999999999999999999999999999999999999999999999999999999999999999
99999999999999999999999999999999999999999999999999999999999999999999999999999999
99999999999999999999999999999999999999999999999999999999999999999999999999999999
99999999999999999999999999999999999999999999999999999999999999999999999999999999
99999999999999999999999999999999999999999999999999999999999999999999999999999999
99999999999999999999999999999999999999999999999999999999999999999999999999999999
99999999999999999999999999999999999999999999999999999999999999999999999999999999
99999999999999999999999999999999999999999999999999999999999999999999999999999999
99999999999999999999999999999999999999999999999999999999999999999999999999999999
99999999999999999999999999999999999999999999999999999999999999999999999999999999
99999999999999999999999999999999999999999999999999999999999999999999999999999999
000000000000007000000000000000000000000000000000000000000000000007
000000000000007000000000000000000000000000000000000000000000000007
000000000000007000000000000000000000000000000000000000000000000007
000000000000007000000000000000000000000000000000000000000000000007
000000000000007000000000000000000000000000000000000000000000000007
000000000000007000000000000000000000000000000000000000000000000007
000000000000007000000000000000000000000000000000000000000000000007
000000000000007000000000000000000000000000000000000000000000000007
000000000000007000000000000000000000000000000000000000000000000007
000000000000007000000000000000000000000000000000000000000000000007
000000000000007000000000000000000000000000000000000000000000000007
000000000000007000000000000000000000000000000000000000000000000007
000000000000007000000000000000000000000000000000000000000000000007
000000000000007000000000000000000000000000000000000000000000000007
000000000000007000000000000000000000000000000000000000000000000007
0000000000000070000000000000000000000b0000000000000000000000000007
000000000000007000000b0000000000000000000000000000000b000000000007
000000000000007000000000000000000000000000000000000000000000000007
000000000000007000000000000000000000000000000000000000000000000007
0000000000000070000000000000000@0000000000000000000000000000000007
0000000000000070000000000000000000000000000000x0000000000000000007
00000000000000700x0000000000000h0000000000000000000000000000000007
000000000000007000000000000000000000000000000wggge0000000000x00007
0000000000000070wgge0000000000000000000000000ggggg0000000000000007
000000000000007wgggge000000000000000000000000ggggg000000000wge0007
11111111111111111111111111111111111111111111111111111111111111111111111111111111
11111111111111111111111111111111111111111111111111111111111111111111111111111111
11111111111111111111111111111111111111111111111111111111111111111111111111111111
11111111111111111111111111111111111111111111111111111111111111111111111111111111
11111111111111111111111111111111111111111111111111111111111111111111111111111111
11111111111111111111111111111111111111111111111111111111111111111111111111111111
11111111111111111111111111111111111111111111111111111111111111111111111111111111
11111111111111111111111111111111111111111111111111111111111111111111111111111111
11111111111111111111111111111111111111111111111111111111111111111111111111111111
11111111111111111111111111111111111111111111111111111111111111111111111111111111
11111111111111111111111111111111111111111111111111111111111111111111111111111111
11111111111111111111111111111111111111111111111111111111111111111111111111111111
11111111111111111111111111111111111111111111111111111111111111111111111111111111
11111111111111111111111111111111111111111111111111111111111111111111111111111111
11111111111111111111111111111111111111111111111111111111111111111111111111111111