99999999999999999999999999999999999999999999999999999999999999999999999999999999
99999999999999999999999999999999999999999999999999999999999999999999999999999999
99999999999999999999999999999999999999999999999999999999999999999999999999999999
99999999999999999999999999999999999999999999999999999999999999999999999999999999
99999999999999999999999999999999999999999999999999999999999999999999999999999999
99999999999999999999999999999999999999999999999999999999999999999999999999999999
99999999999999999999999999999999999999999999999999999999999999999999999999999999
99999999999999999999999999999999999999999999999999999999999999999999999999999999
99999999999999999999999999999999999999999999999999999999999999999999999999999999
99999999999999999999999999999999999999999999999999999999999999999999999999999999
99999999999999999999999999999999999999999999999999999999999999999999999999999999
99999999999999999999999999999999999999999999999999999999999999999999999999999999
99999999999999999999999999999999999999999999999999999999999999999999999999999999
99999999999999999999999999999999999999999999999999999999999999999999999999999999
99999999999999999999999999999999999999999999999999999999999999999999999999999999
000000000000007000000000000000000000000000000000000000000000000007
000000000000007000000000000000000000000000000000000000000000000007
000000000000007000000000000000000000000000000000000000000000000007
000000000000007000000000000000000000000000000000000000000000000007
000000000000007000000000000000000000000000000000000000000000000007
000000000000007000000000000000000000000000000000000000000000000007
000000000000007000000000000000000000000000000000000000000000000007
000000000000007000000000000000000000000000000000000000000000000007
000000000000007000000000000000000000000000000000000000000000000007
000000000000007000000000000000000000000000000000000000000000000007
000000000000007000000000000000000000000000000000000000000000000007
000000000000007000000000000000000000000000000000000000000000000007
000000000000007000000000000000000000000000000000000000000000000007
00000000000000700000000000000b000000000000000000000000000000000007
000000000000007000000000000000000000000000000000000000000000000007
000000000000007000000000000000000000000000000000000000000000000007
000000000000007000000000000000000000000000000000000000000000000007
00000000000000700000000000000000000000000000000000000b000000000007
0000000000000070000000000000000000000b0000000000000000000000000007
0000000000000070000000@0000000000000000000000000000000000000000007
000000000000007000000000000000000000000000000000000000000000000007
0000000000000070000000h000000000000000000000000000000000000000x007
0000000000000070x000000000000000x000000000000000000000000000000007
0000000000000070000000000000000000000000000000000000000000000wge07
000000000000007wge0000000000000wge0000000000000000000000000000ggggg7
22222222222222222222222222222222222222222222222222222222222222222222222222222222
22222222222222222222222222222222222222222222222222222222222222222222222222222222
22222222222222222222222222222222222222222222222222222222222222222222222222222222
22222222222222222222222222222222222222222222222222222222222222222222222222222222
22222222222222222222222222222222222222222222222222222222222222222222222222222222
22222222222222222222222222222222222222222222222222222222222222222222222222222222
22222222222222222222222222222222222222222222222222222222222222222222222222222222
22222222222222222222222222222222222222222222222222222222222222222222222222222222
22222222222222222222222222222222222222222222222222222222222222222222222222222222
22222222222222222222222222222222222222222222222222222222222222222222222222222222
22222222222222222222222222222222222222222222222222222222222222222222222222222222
22222222222222222222222222222222222222222222222222222222222222222222222222222222
22222222222222222222222222222222222222222222222222222222222222222222222222222222
22222222222222222222222222222222222222222222222222222222222222222222222222222222
22222222222222222222222222222222222222222222222222222222222222222222222222222222